     0/299        0G    0.1093   0.03057   0.05643    0.1963        21       640  0.002404    0.4809   0.00171 0.0002543   0.05697   0.02433    0.0327
     1/299        0G   0.07778   0.02884   0.05027    0.1569        22       640   0.01443     0.192   0.01258   0.00241   0.04411   0.02263    0.0316
     2/299        0G   0.07028   0.02917   0.04756     0.147        19       640    0.0513     0.216   0.05226   0.01171   0.03646   0.02155    0.0308
     3/299        0G   0.05664    0.0297   0.04245    0.1288        25       640    0.1964    0.3239    0.1768    0.0598    0.0291    0.0201   0.02933
     4/299        0G   0.04796   0.02654   0.03992    0.1144        20       640    0.3181    0.6116    0.3612    0.1709   0.02347   0.01753   0.02787
     5/299        0G   0.04591   0.02383   0.04163    0.1114        19       640    0.2247    0.2484    0.2073   0.09838    0.0321   0.01554   0.03027
     6/299        0G   0.04245   0.02055    0.0412    0.1042        18       640    0.3554     0.369     0.339    0.1929   0.02515   0.01283   0.02787
     7/299        0G   0.04739   0.01988   0.03678     0.104        24       640    0.3327     0.557    0.4219    0.2158    0.0253   0.01113   0.02517
     8/299        0G   0.04725   0.01753   0.03588    0.1007        18       640    0.3308    0.6455    0.4125    0.1776    0.0298  0.009999   0.02328
     9/299        0G   0.04495   0.01734   0.03392   0.09621        22       640    0.4329    0.6819    0.5347    0.2573   0.02564  0.008764   0.02131
    10/299        0G   0.04439   0.01692   0.03287   0.09418        25       640    0.4789    0.6787    0.5813     0.271   0.02411  0.008429    0.0197
